C = [0.00078343550924445          141871.836412729
       0.00178785519272926          392761.952730234
       0.00279227487621406          643652.069047739
       0.00379669455969887          894542.185365245
       0.00480111424318368          1145432.30168275
       0.00580553392666849          1396322.41800025
       0.00680995361015329          1647212.53431776
        0.0078143732936381          1898102.65063526
       0.00881879297712291          2148992.76695277
       0.00982321266060771          2399882.88327028
        0.0108276323440925          2650772.99958778
        0.0118320520275773          2901663.11590529
        0.0128364717110621          3152553.23222279
        0.0138408913945469           3403443.3485403
        0.0148453110780317           3654333.4648578
        0.0158497307615166          3905223.58117531
        0.0168541504450014          4156113.69749281
        0.0178585701284862          4407003.81381032
         0.018862989811971          4657893.93012782
        0.0198674094954558          4908784.04644533
        0.0208718291789406          5159674.16276283
        0.0218762488624254          5410564.27908034
        0.0228806685459102          5661454.39539784
         0.023885088229395          5912344.51171535
        0.0248895079128798          6163234.62803285
        0.0258939275963646          6414124.74435036
        0.0268983472798494          6665014.86066786
        0.0279027669633342          6915904.97698537
        0.0289071866468191          7166795.09330287
        0.0299116063303039          7417685.20962038
        0.0309160260137887          7668575.32593788
        0.0319204456972735          7919465.44225539
        0.0329248653807583          8170355.55857289
        0.0339292850642431           8421245.6748904
        0.0349337047477279           8672135.7912079
        0.0359381244312127          8923025.90752541
        0.0369425441146975          9173916.02384291
        0.0379469637981823          9424806.14016042
        0.0389513834816671          9675696.25647792
        0.0399558031651519          9926586.37279543
        0.0409602228486367          10177476.4891129
        0.0419646425321215          10428366.6054304
        0.0429690622156063          10679256.7217479
        0.0439734818990912          10930146.8380654
         0.044977901582576           11181036.954383
        0.0459823212660608          11431927.0707005
        0.0469867409495456           11682817.187018
        0.0479911606330304          11933707.3033355
        0.0489955803165152           12184597.419653
                      0.05          12435487.5359705];
      
                  % 45x45 high res
A = [0.000786939745545706          141593.413784885
0.00507422535685797          411598.365164832
0.00936151096817024          681603.316544779
 0.0136487965794825          951608.267924726
 0.0179360821907948          1221613.21930467
  0.022223367802107          1491618.17068462
 0.0265106534134193          1761623.12206457
 0.0307979390247316          2031628.07344451
 0.0350852246360439          2301633.02482446
 0.0393725102473561          2571637.97620441
 0.0436597958586684          2841642.92758436
 0.0479470814699807           3111647.8789643
 0.0522343670812929          3381652.83034425
 0.0565216526926052           3651657.7817242
 0.0608089383039175          3921662.73310414
 0.0650962239152297          4191667.68448409
  0.069383509526542          4461672.63586404
 0.0736707951378543          4731677.58724398
 0.0779580807491665          5001682.53862393
 0.0822453663604788          5271687.49000388
 0.0865326519717911          5541692.44138383
 0.0908199375831033          5811697.39276377
 0.0951072231944156          6081702.34414372
 0.0993945088057279          6351707.29552367
   0.10368179441704          6621712.24690361
  0.107969080028352          6891717.19828356
  0.112256365639665          7161722.14966351
  0.116543651250977          7431727.10104346
  0.120830936862289           7701732.0524234
  0.125118222473601          7971737.00380335
  0.129405508084914           8241741.9551833
  0.133692793696226          8511746.90656324
  0.137980079307538          8781751.85794319
  0.142267364918851          9051756.80932314
  0.146554650530163          9321761.76070308
  0.150841936141475          9591766.71208303
  0.155129221752787          9861771.66346298
    0.1594165073641          10131776.6148429
  0.163703792975412          10401781.5662229
  0.167991078586724          10671786.5176028
  0.172278364198036          10941791.4689828
  0.176565649809349          11211796.4203627
  0.180852935420661          11481801.3717427
  0.185140221031973          11751806.3231226
  0.189427506643286          12021811.2745026]; 

